"D1" "D2" "D3" "D4" "D5" "D6" "D7" "D8" "D9" "D10" "D11" "D12" "D13" "D14" "D15" "D16" "D17" "D18" "D19" "D20" "water" "genotype"
2765 4044 5836.5 7677.5 10932 12548 13432.5 14739 18838.5 22331 24831 31557.5 40419 49364 58688.5 69509 82678 86809.5 97326.5 108507 1 0
2559 2881 4421 6089.5 7968 10054 11776.5 11964.5 15499 17507.5 20686.5 25325 31353.5 35319 42246 46128 57222 62102 65161.5 68302.5 0 0
2836 2637 3579.5 5284.5 6976.5 9186 10952 9893.5 12532.5 17068 19724 22802.5 27912.5 34387 43982 53368 67416.5 78276.5 89935.5 99933.5 1 0
1819.5 2436 3347.5 5070.5 5982.5 7145.5 8674.5 7815 10369.5 13327.5 16939 18081 19399.5 24327 32957 34282 42550 44719 45600.5 55307 0 0
2552 2983 4261 5868 8070 8622.5 11385.5 11314 14337 19446 22231.5 28491 34864 42707 55147.5 64423.5 80238 85740.5 94537.5 102414.5 1 0
2397 3172.5 3760 5646.5 7106 8463.5 11378.5 12342 13605 17439.5 20919.5 24162 26710 34820.5 43501 50223.5 61752 66905.5 72246.5 76834.5 0 0
3388 3117.5 4434.5 7046.5 8803 10137.5 13557.5 13472.5 19053.5 22210.5 25186 32418.5 41117.5 47139.5 59672.5 69096 83157.5 87642.5 97218.5 109493.5 1 0
2770 3334.5 5292 6962.5 8683.5 10710 14277.5 14132 17875.5 21322.5 25077.5 29616.5 36420 43215 55510.5 62457 80212 84956.5 89987 97997 0 0
2877.5 3898.5 4857 7158.5 9178 11288 14172.5 13997 17319 21058.5 24065 30485.5 38653 47258 56386.5 63873 81471.5 92872.5 103214 113238.5 1 0
2433.5 2298.5 3088 4132 5319.5 6638.5 9168.5 8657 10334.5 12285 16138.5 18843 20769 25918.5 33496 40608 53669.5 56777.5 62811.5 70340.5 0 0
3488.5 4428 5817.5 8153 10307.5 13452.5 16664 17815.5 19898.5 22948 27929 34885.5 43210.5 51384.5 60560.5 70232.5 89101.5 99331 110911.5 125030.5 1 0
1653 1710 2107 3235 4094.5 5226 6443 5870 7851.5 10065 12246 15128.5 18087.5 21375 27404 32983 44302.5 48226 52109 56513.5 0 0
1632.5 2384 3020.5 3497.5 4743 6522 8220 8115.5 10405 13492 18350 21595 25320 31473.5 42733 47342.5 64131 70482 81208.5 91482 1 0
2040 2198.5 2855 4136 5543.5 6938 9028.5 9701.5 11414 14909.5 16045.5 20231.5 24793 27405.5 35359.5 36884 49976 55241 61478.5 68718 0 0
3178 3943.5 4868 7050 8774 11148.5 14701 14713 19976.5 21046 28156.5 34586 44393.5 52966 62810.5 70649 95989 102054 113779.5 126029.5 1 0
2362.5 2871.5 3861 5210.5 7000.5 7960 10518 10435.5 13091.5 16741 20918.5 23182.5 26452 31917 38694 45171 55429 57879.5 59938 68355.5 0 0
3483.5 3846 5234.5 7886.5 8650.5 11406 15831 16280 19892 21748 26737.5 33385.5 39907 48650.5 57860 66599 85641 91027 99634 112422 1 0
3048 4356.5 5849 7047.5 8914 12696 16343 16706.5 19220 22179 25355 35953.5 44623.5 48478 57085 66268.5 81718.5 86963 94425.5 98924 0 0
2310.5 2953.5 4127.5 5808 7655.5 8994 12188.5 11565 15108.5 18252.5 22209.5 27114.5 34778 39036 49984.5 57676.5 72394.5 79642.5 89320 102696 1 0
2965 4063.5 5225 7141.5 9172 11717.5 15051 14147.5 17230 20163 25238.5 28104.5 36079 43433 50672.5 57630 74932 77441 81986.5 91640 0 0
2067 2486.5 3586.5 5295.5 6775 8525 10597 11255 15229 18240.5 20029.5 22605 29107 41095.5 50407.5 56930 68675.5 74930.5 82138 93437.5 1 0
3186 4416 6012 7860.5 10210 11535 14817.5 14702.5 17776.5 24088.5 26167.5 31636.5 36523.5 43498 53510.5 60374 73785.5 78821 85858.5 96487 0 0
2235.5 2315.5 3042.5 3722 4833.5 6202 8549.5 8435.5 11025 14011.5 16907 20110 25854 32899 39906.5 47389.5 58108.5 64073.5 72624 84555 1 0
2142.5 1874 2666 3633 5030 6704 8504 8477.5 9519.5 13015.5 15362 18096.5 21574.5 26016 29824 35981 44100.5 47446 53925 61004 0 0
2170.5 2110.5 2589.5 3596.5 5055.5 6826.5 8678.5 8190 11254 13985.5 18285.5 21656 25508 31773 38849 42936 56961.5 61309 67888.5 78801.5 1 0
349.5 408.5 469 659 856 1103 1596 1623.5 2248 3070 4476.5 4781.5 6376.5 7540.5 10008 12601.5 16677.5 17299 19645 22071 0 0
379 239 264 294.5 429.5 450 858 912 1169 1440.5 1713.5 2122.5 4088.5 5115 6609 8827.5 14981 16441 20669.5 25382.5 1 0
958 1351.5 1738 2230 3199.5 3840.5 5050.5 4869 5964.5 7862.5 10249 12476 15583.5 19272 24029 27513 33657.5 38824.5 42607.5 49363 0 0
1134 1251.5 1607.5 1975.5 2521.5 3542.5 4420 4426.5 5889 7053.5 8562.5 11175.5 13775.5 16484.5 21781 28819.5 42485 47522.5 53221.5 60175.5 1 0
452.5 650.5 875 1088 1414 2254 2954.5 2799 3745 4962.5 5784 7682 8909.5 12055 14733.5 16234.5 24354 25761.5 27339 30747.5 0 0
3003.5 3524.5 4678 6988.5 8477.5 9968.5 13757 14145.5 17233 18786 21840.5 29264.5 35543 40058 52405 62911 75034.5 79807.5 87391.5 103343.5 1 1
3761 4730 6296 9413.5 11975.5 13307.5 16863.5 16895 22046 25509 28132.5 30092 39473 46872.5 54650 61186 66127 69533 78027 86658.5 0 1
3884.5 4379 6401 9729.5 12586.5 14991.5 19514 19520.5 21932.5 24936.5 28165 33114 46897 53281 64840.5 77840.5 93144.5 102463.5 113311.5 124640 1 1
3941 4569 5698 9134.5 11613 13524 16489 17197 21397.5 23880 26886.5 30614 36973.5 42402 48768 54470.5 68430.5 81946 86288 93588 0 1
3076 3917 4895 6431 8323 10201.5 11954 12595 15320 18253 20289 25053.5 31108.5 36835 43893.5 52539.5 69209 75288.5 81777.5 88878.5 1 1
5938.5 4810 6081.5 8926.5 10180.5 12890.5 16564 17326.5 21099 24060 26732 30057 33027.5 42298.5 47704 54285.5 66770 74347 81216 93723.5 0 1
4118.5 5104.5 6981.5 10265.5 11725.5 14038 18852 19463 18077.5 21257 26317.5 32543.5 42253 50062 60673 66808.5 83795.5 90967.5 99599 107264 1 1
3932.5 5057 6348.5 8650 11249 12673 15752.5 15855.5 19637.5 22062.5 25014 31235 39092 42942.5 52890.5 56490 67583 73985.5 80238.5 91561 0 1
3904.5 4666 6023 8509 10958.5 12643.5 16391.5 16691.5 20232.5 22737.5 26264 29568.5 39056.5 48073 55241.5 62421.5 78497.5 87100 99741.5 111483.5 1 1
4305 5071 6928 9671.5 11082.5 12574 17096.5 17128.5 19128.5 21237.5 23638 29059 36958.5 42594.5 50404 56058.5 62791.5 67308 71377 77560.5 0 1
3702.5 4676.5 6320.5 9147 10857.5 12792.5 16205.5 17051.5 21595.5 23838.5 27445 32755 40721 46228.5 58945 73118 99637 107814 121566 132848 1 1
1940.5 2453 3132.5 3868.5 4404.5 6294 7390.5 6867 8352.5 10031.5 11347.5 11992.5 15117 17860 22996 26094.5 33332 35821.5 37804 43134 0 1
3654 4792.5 6622 8512.5 10992.5 13379 16567.5 16441 20073.5 22461 27949 34560 38964 50039.5 58148.5 68576.5 83286 95674.5 108253.5 126128.5 1 1
4363.5 5366 7277.5 9648 11084 13570 17143.5 17906.5 21259.5 23970 27713.5 31937.5 40069 45425 54387 63319.5 82110 84851 89021 97375.5 0 1
4705 5255 7232.5 9606 11864.5 14737 19213 17629 20290 23668 28652.5 35240 40980 52418.5 62946 71427.5 89290.5 99659.5 110542.5 127822 1 1
3358 3784 5466.5 6536 7773.5 9353 12559 13036 15318.5 17548 20138.5 23301.5 30728 32739.5 42703 50286 66873.5 71350.5 75863.5 82734 0 1
5173.5 5041 6179 8408.5 10233.5 12687.5 16508.5 18027.5 22460 25923.5 29964.5 35104.5 42210.5 44289 56668.5 72086 98618.5 107847 120242.5 126585.5 1 1
3945 4575 6184 9266 11491 13165 16139 16490 17529 19108 25016 32247.5 38889 47855 50473 59712 72881.5 76218 80832 89176.5 0 1
4449 5843.5 7689.5 9628 12045.5 14047 17554.5 17119.5 20354 22981 26155.5 34343 39072 46942.5 60754.5 70057.5 87397.5 101186.5 105396 116366 1 1
4435 5424 6812 9233.5 10910.5 12597 17703 17738 20696.5 22615 26055 30849.5 35859 40069 50334.5 57114.5 76621.5 84478 69942 76732 0 1
4598 4664 6088 8677.5 10121 11995.5 16517 14981.5 17667.5 19577.5 25431.5 32543 40696 47347.5 58838 63277.5 74049 85731 104684.5 119184.5 1 1
4082 5106 6293 7881 9879.5 11929 15223.5 13223 15219.5 18605 23037.5 29258 36383.5 38491 47719.5 56676 67898 71949 73791 82573 0 1
3491.5 3524.5 4492.5 6541.5 7952.5 9645 11863 12577 15568.5 17860 21761 27729.5 32251.5 38027 46731 56042 69953.5 73764.5 76046.5 80480.5 1 1
3091.5 3062 3818.5 4958.5 6651 7636 8867 8360.5 11317 13631.5 16607 19180 22597.5 27190.5 32852.5 38556 46013.5 49917.5 60088.5 65700 0 1
3519 4591.5 6107.5 8670.5 9882 12272.5 15471.5 15323.5 17191.5 19629.5 25928 32807 39918 45933.5 53250 65600 85084 91529.5 101978.5 113083.5 1 1
5269.5 5358 6911.5 9194.5 10934 13070.5 16993 17903.5 20055 22813 25359.5 27643.5 33708 41525 45930.5 53805.5 69241 68195 73698.5 83848 0 1
4120 4806 6350.5 8649 10514 12034 15804 15666.5 18427 21738 24792 30515.5 40321 48974.5 57382.5 60100 79067.5 86267.5 99457 110744.5 1 1
3705 4499.5 6436.5 9289.5 11588 13610 16376 16094.5 19340 22087 26192 31520.5 39927 45764.5 53397.5 60891.5 76164.5 81771 79957.5 90465.5 0 1
3479.5 4242 5694.5 7593 9838 11790 13704.5 14039.5 17694.5 20160.5 23201 29151.5 35727 42569 50790.5 58453 76287.5 81328 94065.5 113026 1 1
3578.5 4833.5 6660 8901 10471.5 11834 15424.5 15858 19228 22180.5 25774.5 31512 39292 43149.5 49136 57026 69885.5 71567 78830.5 85126 0 1
